
Note: No compatibility mode selected!


Circuit: * analog 4-20 ma ntc thermistor transmitter -- transfer-function verification

Doing analysis at TEMP = 27.000000 and TNOM = 27.000000

Using SPARSE 1.3 as Direct Linear Solver

No. of Data Rows : 61
 * analog 4-20 ma ntc thermistor transmitter -- transfer-function verification
 DC transfer characteristic  Sat May 23 15:09:25  2026
--------------------------------------------------------------------------------
Index   v-sweep         v(temp)         v(x)            v(vcmd)         
--------------------------------------------------------------------------------
0	-1.00000e+01	-1.00000e+01	1.163889e+00	1.900000e-01	
1	-9.00000e+00	-9.00000e+00	1.170960e+00	1.900000e-01	
2	-8.00000e+00	-8.00000e+00	1.178438e+00	1.900000e-01	
3	-7.00000e+00	-7.00000e+00	1.186191e+00	1.900000e-01	
4	-6.00000e+00	-6.00000e+00	1.194225e+00	1.900000e-01	
5	-5.00000e+00	-5.00000e+00	1.202540e+00	1.900000e-01	
6	-4.00000e+00	-4.00000e+00	1.211141e+00	1.900000e-01	
7	-3.00000e+00	-3.00000e+00	1.220028e+00	1.900000e-01	
8	-2.00000e+00	-2.00000e+00	1.229202e+00	1.900000e-01	
9	-1.00000e+00	-1.00000e+00	1.238664e+00	1.900000e-01	
10	0.000000e+00	0.000000e+00	1.248415e+00	1.900000e-01	
11	1.000000e+00	1.000000e+00	1.258453e+00	1.900000e-01	
12	2.000000e+00	2.000000e+00	1.268777e+00	1.900000e-01	
13	3.000000e+00	3.000000e+00	1.279386e+00	1.900000e-01	
14	4.000000e+00	4.000000e+00	1.290276e+00	1.900000e-01	
15	5.000000e+00	5.000000e+00	1.301445e+00	1.900000e-01	
16	6.000000e+00	6.000000e+00	1.312888e+00	1.900000e-01	
17	7.000000e+00	7.000000e+00	1.324601e+00	1.900000e-01	
18	8.000000e+00	8.000000e+00	1.336578e+00	1.900000e-01	
19	9.000000e+00	9.000000e+00	1.348813e+00	1.900000e-01	
20	1.000000e+01	1.000000e+01	1.361300e+00	1.900000e-01	
21	1.100000e+01	1.100000e+01	1.374031e+00	1.900000e-01	
22	1.200000e+01	1.200000e+01	1.386998e+00	1.900000e-01	
23	1.300000e+01	1.300000e+01	1.400192e+00	1.900000e-01	
24	1.400000e+01	1.400000e+01	1.413603e+00	1.900000e-01	
25	1.500000e+01	1.500000e+01	1.427223e+00	1.900000e-01	
26	1.600000e+01	1.600000e+01	1.441040e+00	1.900000e-01	
27	1.700000e+01	1.700000e+01	1.455043e+00	1.900000e-01	
28	1.800000e+01	1.800000e+01	1.469220e+00	1.900000e-01	
29	1.900000e+01	1.900000e+01	1.483560e+00	1.900000e-01	
30	2.000000e+01	2.000000e+01	1.498121e+00	2.000856e-01	
31	2.100000e+01	2.100000e+01	1.512676e+00	2.388507e-01	
32	2.200000e+01	2.200000e+01	1.527427e+00	2.781426e-01	
33	2.300000e+01	2.300000e+01	1.542289e+00	3.177260e-01	
34	2.400000e+01	2.400000e+01	1.557247e+00	3.575675e-01	
35	2.500000e+01	2.500000e+01	1.572289e+00	3.976302e-01	
36	2.600000e+01	2.600000e+01	1.587399e+00	4.378769e-01	
37	2.700000e+01	2.700000e+01	1.602565e+00	4.782703e-01	
38	2.800000e+01	2.800000e+01	1.617771e+00	5.187730e-01	
39	2.900000e+01	2.900000e+01	1.633005e+00	5.593478e-01	
40	3.000000e+01	3.000000e+01	1.648252e+00	5.999576e-01	
41	3.100000e+01	3.100000e+01	1.663498e+00	6.405657e-01	
42	3.200000e+01	3.200000e+01	1.678730e+00	6.811359e-01	
43	3.300000e+01	3.300000e+01	1.693934e+00	7.216327e-01	
44	3.400000e+01	3.400000e+01	1.709098e+00	7.620212e-01	
45	3.500000e+01	3.500000e+01	1.724208e+00	8.022674e-01	
46	3.600000e+01	3.600000e+01	1.739252e+00	8.423380e-01	
47	3.700000e+01	3.700000e+01	1.754219e+00	8.822011e-01	
48	3.800000e+01	3.800000e+01	1.769096e+00	9.218257e-01	
49	3.900000e+01	3.900000e+01	1.783872e+00	9.611819e-01	
50	4.000000e+01	4.000000e+01	1.798536e+00	1.000241e+00	
51	4.100000e+01	4.100000e+01	1.813018e+00	1.025000e+00	
52	4.200000e+01	4.200000e+01	1.827492e+00	1.025000e+00	
53	4.300000e+01	4.300000e+01	1.841762e+00	1.025000e+00	
54	4.400000e+01	4.400000e+01	1.855883e+00	1.025000e+00	

Index   v-sweep         v(temp)         v(x)            v(vcmd)         
--------------------------------------------------------------------------------
55	4.500000e+01	4.500000e+01	1.869847e+00	1.025000e+00	
56	4.600000e+01	4.600000e+01	1.883646e+00	1.025000e+00	
57	4.700000e+01	4.700000e+01	1.897273e+00	1.025000e+00	
58	4.800000e+01	4.800000e+01	1.910721e+00	1.025000e+00	
59	4.900000e+01	4.900000e+01	1.923984e+00	1.025000e+00	
60	5.000000e+01	5.000000e+01	1.937058e+00	1.025000e+00	

 * analog 4-20 ma ntc thermistor transmitter -- transfer-function verification
 DC transfer characteristic  Sat May 23 15:09:25  2026
--------------------------------------------------------------------------------
Index   v-sweep         iloop_ma        headroom        
--------------------------------------------------------------------------------
0	-1.00000e+01	3.800000e+00	2.304999e+01	
1	-9.00000e+00	3.800000e+00	2.304999e+01	
2	-8.00000e+00	3.800000e+00	2.304999e+01	
3	-7.00000e+00	3.800000e+00	2.304999e+01	
4	-6.00000e+00	3.800000e+00	2.304999e+01	
5	-5.00000e+00	3.800000e+00	2.304999e+01	
6	-4.00000e+00	3.800000e+00	2.304999e+01	
7	-3.00000e+00	3.800000e+00	2.304999e+01	
8	-2.00000e+00	3.800000e+00	2.304999e+01	
9	-1.00000e+00	3.800000e+00	2.304999e+01	
10	0.000000e+00	3.800000e+00	2.304999e+01	
11	1.000000e+00	3.800000e+00	2.304999e+01	
12	2.000000e+00	3.800000e+00	2.304999e+01	
13	3.000000e+00	3.800000e+00	2.304999e+01	
14	4.000000e+00	3.800000e+00	2.304999e+01	
15	5.000000e+00	3.800000e+00	2.304999e+01	
16	6.000000e+00	3.800000e+00	2.304999e+01	
17	7.000000e+00	3.800000e+00	2.304999e+01	
18	8.000000e+00	3.800000e+00	2.304999e+01	
19	9.000000e+00	3.800000e+00	2.304999e+01	
20	1.000000e+01	3.800000e+00	2.304999e+01	
21	1.100000e+01	3.800000e+00	2.304999e+01	
22	1.200000e+01	3.800000e+00	2.304999e+01	
23	1.300000e+01	3.800000e+00	2.304999e+01	
24	1.400000e+01	3.800000e+00	2.304999e+01	
25	1.500000e+01	3.800000e+00	2.304999e+01	
26	1.600000e+01	3.800000e+00	2.304999e+01	
27	1.700000e+01	3.800000e+00	2.304999e+01	
28	1.800000e+01	3.800000e+00	2.304999e+01	
29	1.900000e+01	3.800000e+00	2.304999e+01	
30	2.000000e+01	4.001712e+00	2.299957e+01	
31	2.100000e+01	4.777015e+00	2.280574e+01	
32	2.200000e+01	5.562852e+00	2.260928e+01	
33	2.300000e+01	6.354520e+00	2.241136e+01	
34	2.400000e+01	7.151350e+00	2.221216e+01	
35	2.500000e+01	7.952603e+00	2.201184e+01	
36	2.600000e+01	8.757537e+00	2.181061e+01	
37	2.700000e+01	9.565405e+00	2.160864e+01	
38	2.800000e+01	1.037546e+01	2.140613e+01	
39	2.900000e+01	1.118696e+01	2.120326e+01	
40	3.000000e+01	1.199915e+01	2.100021e+01	
41	3.100000e+01	1.281131e+01	2.079717e+01	
42	3.200000e+01	1.362272e+01	2.059432e+01	
43	3.300000e+01	1.443265e+01	2.039183e+01	
44	3.400000e+01	1.524042e+01	2.018989e+01	
45	3.500000e+01	1.604535e+01	1.998866e+01	
46	3.600000e+01	1.684676e+01	1.978830e+01	
47	3.700000e+01	1.764402e+01	1.958899e+01	
48	3.800000e+01	1.843651e+01	1.939087e+01	
49	3.900000e+01	1.922364e+01	1.919409e+01	
50	4.000000e+01	2.000482e+01	1.899879e+01	
51	4.100000e+01	2.050000e+01	1.887500e+01	
52	4.200000e+01	2.050000e+01	1.887500e+01	
53	4.300000e+01	2.050000e+01	1.887500e+01	
54	4.400000e+01	2.050000e+01	1.887500e+01	

Index   v-sweep         iloop_ma        headroom        
--------------------------------------------------------------------------------
55	4.500000e+01	2.050000e+01	1.887500e+01	
56	4.600000e+01	2.050000e+01	1.887500e+01	
57	4.700000e+01	2.050000e+01	1.887500e+01	
58	4.800000e+01	2.050000e+01	1.887500e+01	
59	4.900000e+01	2.050000e+01	1.887500e+01	
60	5.000000e+01	2.050000e+01	1.887500e+01	
ngspice-46 done
